[
    [
        12,
        16
    ],
    [
        20,
        -16
    ],
    [
        5,
        21
    ],
    [
        25,
        -15
    ],
    [
        11,
        8
    ],
    [
        25,
        -17
    ],
    [
        1,
        15
    ],
    [
        25,
        -6
    ],
    [
        10,
        9
    ],
    [
        18,
        -8
    ],
    [
        13,
        16
    ],
    [
        17,
        -16
    ],
    [
        5,
        -9
    ],
    [
        16,
        -16
    ],
    [
        2,
        18
    ],
    [
        23,
        -8
    ],
    [
        3,
        -2
    ],
    [
        22,
        -16
    ],
    [
        14,
        16
    ],
    [
        20,
        -7
    ],
    [
        2,
        7
    ],
    [
        26,
        -9
    ],
    [
        2,
        36
    ]
]