[
    [
        13,
        16
    ],
    [
        22,
        -16
    ],
    [
        13,
        9
    ],
    [
        23,
        -8
    ],
    [
        13,
        9
    ],
    [
        30,
        -15
    ],
    [
        14,
        16
    ],
    [
        30,
        -17
    ],
    [
        15,
        16
    ],
    [
        30,
        -15
    ],
    [
        15,
        8
    ],
    [
        30,
        -10
    ],
    [
        15,
        8
    ],
    [
        31,
        -16
    ],
    [
        6,
        17
    ],
    [
        31,
        -24
    ],
    [
        7,
        16
    ],
    [
        30,
        6
    ],
    [
        4,
        7
    ],
    [
        21,
        -16
    ],
    [
        12,
        16
    ],
    [
        21,
        -8
    ],
    [
        12,
        8
    ],
    [
        19,
        -8
    ],
    [
        4,
        18
    ],
    [
        19,
        -7
    ],
    [
        4,
        7
    ],
    [
        18,
        -16
    ],
    [
        9,
        16
    ],
    [
        18,
        -9
    ],
    [
        4,
        16
    ],
    [
        27,
        -7
    ],
    [
        10,
        8
    ],
    [
        18,
        -7
    ],
    [
        2,
        45
    ],
    [
        29,
        -14
    ],
    [
        8,
        16
    ],
    [
        17,
        -16
    ],
    [
        8,
        9
    ],
    [
        16,
        -8
    ],
    [
        8,
        7
    ],
    [
        25,
        -17
    ],
    [
        0,
        40
    ],
    [
        18,
        -8
    ],
    [
        3,
        7
    ],
    [
        26,
        -35
    ],
    [
        0,
        16
    ],
    [
        29,
        -45
    ],
    [
        0,
        4
    ],
    [
        27,
        1
    ],
    [
        0,
        -56
    ],
    [
        26,
        -18
    ],
    [
        0,
        -2
    ],
    [
        26,
        7
    ],
    [
        0,
        1
    ],
    [
        26,
        -9
    ],
    [
        3,
        9
    ],
    [
        26,
        7
    ],
    [
        3,
        8
    ],
    [
        26,
        -9
    ],
    [
        3,
        -9
    ],
    [
        26,
        9
    ],
    [
        3,
        -8
    ],
    [
        27,
        -8
    ]
]